DIMENSIONS 40 40
BASE 6 4.5
RECEIVER 1 1
#Murs exterieurs epaisseur 29, brique
W 1 0.29 0 0 4 0
W 1 0.29 4 0 7 0
W 1 0.29 7 0 9 0
W 1 0.29 9 0 15 0
W 1 0.29 15 0 15 2
W 1 0.29 15 2 15 5
W 1 0.29 15 5 15 8
W 1 0.29 15 8 11 8
W 1 0.29 11 8 9 8
W 1 0.29 9 8 7 8
W 1 0.29 7 8 4 8
W 1 0.29 1 8 0 8
W 1 0.29 3 8 4 8
W 1 0.29 0 8 0 3
W 1 0.29 0 3 0 0

W 1 0.29 15 0 20 0

W 1 0.29 20 0 20 8
W 1 0.29 15 8 15 10
W 1 0.29 20 8 20 10
W 1 0.29 0 8 0 20
W 1 0.29 0 8 0 20
W 1 0.29 0 20 0 40
W 1 0.29 0 40 30 40
W 2 0.1 30 40 30 38
W 2 0.1 32 38 32 40
W 2 0.1 32 40 40 40
W 1 0.29 40 40 40 0
W 1 0.29 40 0 20 0

#Murs interieurs epaisseur 10, beton
W 2 0.1 3 2 3 3
W 2 0.1 3 3 3 4
W 2 0.1 4 6 4 8
W 2 0.1 5 4 5 5
W 2 0.1 11 6 11 8
W 2 0.1 9 2 15 2
W 2 0.1 4 4 5 4
W 2 0.1 4 5 5 5
W 2 0.1 5 5 7 5
W 2 0.1 9 5 15 5
W 2 0.1 7 6 8 6
W 2 0.1 9 6 9.5 6
W 2 0.1 10.5 6 11 6
W 2 0.1 13 27 30 27
W 2 0.1 32 27 40 27
W 2 0.1 32 27 32 25
W 2 0.1 30 27 30 25
W 2 0.1 30 23 30 20
W 2 0.1 32 23 32 20
W 2 0.1 26 27 26 26 30
W 2 0.1 26 32 26 40
W 2 0.1 26 27 26 30
W 2 0.1 0 34 2 34
W 2 0.1 26 25 26 20

#Murs interieurs epaisseur 18, beton
W 2 0.18 0 3 3 3
W 2 0.18 4 0 4 3
W 2 0.18 7 0 7 3
W 2 0.18 7 4 7 5
W 2 0.18 7 5 7 6
W 2 0.18 7 6 7 8
W 2 0.18 9 0 9 1
W 2 0.18 9 2 9 3
W 2 0.18 9 4 9 5
W 2 0.18 9 6 9 8

W 2 0.18 15 2 17 2
W 2 0.18 15 4 17 4
W 2 0.18 15 6 17 6
W 2 0.18 15 8 17 8
W 2 0.18 15 10 20 10

W 2 0.18 18 2 20 2
W 2 0.18 18 4 20 4
W 2 0.18 18 6 20 6
W 2 0.18 18 8 20 8
W 2 0.18 0 20 12 20
W 2 0.18 13 20 20 20
W 2 0.18 20 20 20 16
W 2 0.18 20 15 20 10
W 2 0.18 0 15 5 15
W 2 0.18 7 15 10 15
W 2 0.18 10 8 10 10
W 2 0.18 10 12 10 20
W 2 0.18 12 20 12 25
W 2 0.18 13 20 13 25
W 2 0.18 12 34 5 34
W 2 0.18 5 20 5 27
W 2 0.18 12 27 12 40

W 2 0.18 13 27 13 30
W 2 0.18 13 32 13 40
W 2 0.18 13 25 16 25
W 2 0.18 17 25 20 25
W 2 0.18 20 25 20 20
W 2 0.18 20 20 30 20
W 2 0.18 32 20 40 20
W 2 0.18 22 2 38 2
W 2 0.18 22 4 38 4
W 2 0.18 22 6 38 6
W 2 0.18 22 8 38 8
W 2 0.18 22 10 38 10
W 2 0.18 22 12 38 12
W 2 0.18 22 14 38 14

W 2 0.18 22 16 38 16
W 2 0.18 22 18 38 18

W 2 0.1 15 28 15 38
W 2 0.1 17 28 17 38
W 2 0.1 19 28 19 38
W 2 0.1 21 28 21 38
W 2 0.1 23 28 23 38
W 2 0.1 33 29 33 36 
W 2 0.1 29 33 36 33